ENVIRONMENT: MinAtar/Breakout-v1
LR: 0.001
BATCH_SIZE: 32
REPLAY_BUFFER_SIZE: 100000
UPDATE_FREQ: 100
EPS_START: 1
EPS_END: 0.01
SCHEDULE_DURATION: 15000
NUM_EPISODES: 10000
DISCOUNT_FACTOR: 0.99
N_STEPS: 3
ALHA: 0.5
BETA: 0.4
Training_Start_Time: 2025-02-04 19:36:38.237039
Training_End_Time: 2025-02-04 19:58:45.323029
Training_Duration: 0:22:07.085990
