ENVIRONMENT: MinAtar/Asterix-v1
LR: 0.00025
BATCH_SIZE: 32
REPLAY_BUFFER_SIZE: 100000
UPDATE_FREQ: 100
EPS_START: 1
EPS_END: 0.01
SCHEDULE_DURATION: 20000.0
NUM_EPISODES: 5000
DISCOUNT_FACTOR: 0.99
N_STEPS: 3
MULTISTEP: True
Training_Start_Time: 2025-02-05 21:24:04.779245
Training_End_Time: 2025-02-05 21:43:00.574388
Training_Duration: 0:18:55.795143
