ENVIRONMENT: MinAtar/SpaceInvaders-v1
LR: 0.001
BATCH_SIZE: 8
REPLAY_BUFFER_SIZE: 100000
UPDATE_FREQ: 100
EPS_START: 0.5
EPS_END: 0.05
SCHEDULE_DURATION: 15000
NUM_EPISODES: 10000
DISCOUNT_FACTOR: 0.99
N_STEPS: 3
MULTISTEP: True
Training_Start_Time: 2025-02-03 22:37:08.625016
Training_End_Time: 2025-02-03 23:15:18.747912
Training_Duration: 0:38:10.122896
