ENVIRONMENT: MinAtar/Asterix-v1
LR: 0.001
BATCH_SIZE: 8
REPLAY_BUFFER_SIZE: 100000
UPDATE_FREQ: 100
EPS_START: 0.5
EPS_END: 0.05
SCHEDULE_DURATION: 15000
NUM_EPISODES: 10000
DISCOUNT_FACTOR: 0.99
N_STEPS: 3
MULTISTEP: True
Training_Start_Time: 2025-02-03 23:17:05.035570
Training_End_Time: 2025-02-03 23:31:38.584996
Training_Duration: 0:14:33.549426
