ENVIRONMENT: MinAtar/SpaceInvaders-v1
LR: 0.001
BATCH_SIZE: 32
REPLAY_BUFFER_SIZE: 100000
UPDATE_FREQ: 100
EPS_START: 1
EPS_END: 0.01
SCHEDULE_DURATION: 15000
NUM_EPISODES: 10000
DISCOUNT_FACTOR: 0.99
N_STEPS: 3
ALHA: 0.5
BETA: 0.4
Training_Start_Time: 2025-02-04 21:15:56.084790
Training_End_Time: 2025-02-04 21:42:41.154532
Training_Duration: 0:26:45.069742
