ENVIRONMENT: MinAtar/Asterix-v1
LR: 0.001
BATCH_SIZE: 32
REPLAY_BUFFER_SIZE: 100000
UPDATE_FREQ: 100
EPS_START: 1
EPS_END: 0.01
SCHEDULE_DURATION: 15000
NUM_EPISODES: 10000
DISCOUNT_FACTOR: 0.99
N_STEPS: 1
MULTISTEP: False
Training_Start_Time: 2025-02-04 22:58:13.462479
Training_End_Time: 2025-02-04 23:38:05.077559
Training_Duration: 0:39:51.615080
