ENVIRONMENT: MinAtar/Breakout-v1
LR: 0.001
BATCH_SIZE: 32
REPLAY_BUFFER_SIZE: 100000
UPDATE_FREQ: 100
EPS_START: 1.0
EPS_END: 0.01
SCHEDULE_DURATION: 15000
NUM_EPISODES: 10000
DISCOUNT_FACTOR: 0.99
N_STEPS: 1
MULTISTEP: False
Training_Start_Time: 2025-02-03 10:11:10.593113
Training_End_Time: 2025-02-03 11:09:21.788236
Training_Duration: 0:58:11.195123
