ENVIRONMENT: MinAtar/Breakout-v1
LR: 0.001
BATCH_SIZE: 8
REPLAY_BUFFER_SIZE: 100000
UPDATE_FREQ: 100
EPS_START: 0.5
EPS_END: 0.05
SCHEDULE_DURATION: 15000
NUM_EPISODES: 5000
DISCOUNT_FACTOR: 0.99
N_STEPS: 3
MULTISTEP: True
Training_Start_Time: 2025-02-03 13:29:20.548952
Training_End_Time: 2025-02-03 13:35:40.086342
Training_Duration: 0:06:19.537390
