ENVIRONMENT: MinAtar/Breakout-v1
LR: 0.001
BATCH_SIZE: 32
REPLAY_BUFFER_SIZE: 100000
UPDATE_FREQ: 100
EPS_START: 1.0
EPS_END: 0.01
SCHEDULE_DURATION: 15000
NUM_EPISODES: 10000
DISCOUNT_FACTOR: 0.99
N_STEPS: 1
MULTISTEP: False
Training_Start_Time: 2025-02-03 06:39:48.919871
Training_End_Time: 2025-02-03 07:43:50.737546
Training_Duration: 1:04:01.817675
