ENVIRONMENT: MinAtar/SpaceInvaders-v1
LR: 0.00025
BATCH_SIZE: 32
REPLAY_BUFFER_SIZE: 100000
UPDATE_FREQ: 100
EPS_START: 1
EPS_END: 0.01
SCHEDULE_DURATION: 20000.0
NUM_EPISODES: 5000
DISCOUNT_FACTOR: 0.99
N_STEPS: 1
MULTISTEP: False
Training_Start_Time: 2025-02-05 14:42:52.220982
Training_End_Time: 2025-02-05 15:54:28.340088
Training_Duration: 1:11:36.119106
