ENVIRONMENT: MinAtar/SpaceInvaders-v1
LR: 0.00025
BATCH_SIZE: 32
REPLAY_BUFFER_SIZE: 100000
UPDATE_FREQ: 200.0
EPS_START: 1.0
EPS_END: 0.01
SCHEDULE_DURATION: 20000.0
NUM_EPISODES: 5000
DISCOUNT_FACTOR: 0.99
N_STEPS: 1
MULTISTEP: False
Training_Start_Time: 2025-02-05 15:34:18.532763
Training_End_Time: 2025-02-05 17:48:10.903859
Training_Duration: 2:13:52.371096
