ENVIRONMENT: MinAtar/Breakout-v1
LR: 0.001
BATCH_SIZE: 8
REPLAY_BUFFER_SIZE: 100000
UPDATE_FREQ: 100
EPS_START: 0.5
EPS_END: 0.05
SCHEDULE_DURATION: 15000
NUM_EPISODES: 10000
DISCOUNT_FACTOR: 0.99
N_STEPS: 3
MULTISTEP: True
Training_Start_Time: 2025-02-03 13:38:37.698756
Training_End_Time: 2025-02-03 13:56:06.283768
Training_Duration: 0:17:28.585012
