ENVIRONMENT: MinAtar/Breakout-v1
LR: 0.001
BATCH_SIZE: 8
REPLAY_BUFFER_SIZE: 100000
UPDATE_FREQ: 100
EPS_START: 0.5
EPS_END: 0.05
SCHEDULE_DURATION: 15000
NUM_EPISODES: 10000
DISCOUNT_FACTOR: 0.995
N_STEPS: 3
MULTISTEP: True
Training_Start_Time: 2025-02-03 14:05:24.600322
Training_End_Time: 2025-02-03 14:19:41.650840
Training_Duration: 0:14:17.050518
